3 3 3 3 3 3 3 3 3 3 3 3 3 3 3 3 3 3 3 3 3 3 3 3 3 3 3
3 3 12 204 255 255 255 255 204 12 3 3 3 3 3 3 3 10 170 255 255 255 255 170 10 3 3
3 255 255 204 204 204 204 204 204 255 255 3 3 3 3 3 255 255 170 170 170 170 170 170 255 255 3
3 255 255 255 204 204 204 204 255 255 255 3 3 3 3 3 255 255 255 170 170 170 170 255 255 255 3
3 3 3 238 238 238 238 238 238 3 3 3 3 3 3 3 3 3 238 238 238 238 238 238 3 3 3
3 3 3 3 10 10 10 10 3 3 3 3 3 3 3 3 3 3 3 10 10 10 10 3 3 3 3
3 3 3 3 3 3 3 3 3 3 3 3 3 3 3 3 3 3 3 3 3 3 3 3 3 3 3
3
3 3 3 3 3 3 3 3 3 3 3 3 3 3 3 3 3
3 10 10 10 10 10 10 10 10 10 10 10 10 10 10 10 3
3 3 3 3 3 3 3 3 3 3 3 3 3 3 3 3 3 

3 3 3 3 3 3 3 3 3 3 3 3 3 3 3 3 3
3 10 10 10 10 10 10 10 10 10 10 10 10 10 10 10 3
3 3 3 3 3 3 3 3 3 3 3 3 3 3 3 3 3 

3 3 3 3 3 3 3 3 3 3 3 3 3 3 3 3 3
3 10 10 10 10 10 10 10 10 10 10 10 10 10 10 10 3
3 3 3 3 3 3 3 3 3 3 3 3 3 3 3 3 3 

3 3 3 3 3 3 3 3 3 3 3 3 3 3 3 3 3 
3 10 10 10 10 10 10 10 10 10 10 10 10 10 10 10 3
3 3 3 3 3 3 3 3 3 3 3 3 3 3 3 3 3 

3 3 3 3 3 3 3 3 3 3 3 3 3 3 3 3 3 
3 10 10 10 10 10 10 10 10 10 10 10 10 10 10 10 3
3 3 3 3 3 3 3 3 3 3 3 3 3 3 3 3 3 
