11 11 11 11 11 11 11 11 11 11 11 11 11 11

3 3 3 3 3 3 3 3 3 3 3 3 3 3 3 3 3 
3 10 10 10 10 10 10 10 10 10 10 10 10 10 10 10 3 
3 3 3 3 3 3 3 3 3 3 3 3 3 3 3 3 3 

3 3 3 3 3 3 3 3 3 3 3 3 3 3 3 3 3 
3 10 10 10 10 10 10 10 10 10 10 10 10 10 10 10 3 
3 3 3 3 3 3 3 3 3 3 3 3 3 3 3 3 3 

3 3 3 3 3 3 3 3 3 3 3 3 3 3 3 3 3 
3 10 10 10 10 10 10 10 10 10 10 10 10 10 10 10 3 
3 3 3 3 3 3 3 3 3 3 3 3 3 3 3 3 3 

3 3 3 3 3 3 3 3 3 3 3 3 3 3 3 3 3 
3 10 10 10 10 10 10 10 10 10 10 10 10 10 10 10 3 
3 3 3 3 3 3 3 3 3 3 3 3 3 3 3 3 3 

3 3 3 3 3 3 3 3 3 3 3 3 3 3 3 3 3 
3 10 10 10 10 10 10 10 10 10 10 10 10 10 10 10 3 
3 3 3 3 3 3 3 3 3 3 3 3 3 3 3 3 3 

3 3 3 3 3 3 3 3 3 3 3 3 3 3 3 3 3 
3 10 10 10 10 10 10 10 10 10 10 10 10 10 10 10 3 
3 3 3 3 3 3 3 3 3 3 3 3 3 3 3 3 3 