3 3 3 3 3 3 3 3
3 10 10 10 10 10 10 3
3 3 3 3 3 3 3 3
17 17 17 17 34 34 34 34
17 17 17 17 34 34 34 34
51 51 51 51 68 68 68 68
51 51 51 51 68 68 68 68
85 85 85 85 102 102 102 102
85 85 85 85 102 102 102 102
119 119 119 119 136 136 136 136
119 119 119 119 136 136 136 136
153 153 153 153 170 170 170 170
153 153 153 153 170 170 170 170
187 187 187 187 204 204 204 204
187 187 187 187 204 204 204 204
221 221 221 221 238 238 238 238
221 221 221 221 238 238 238 238
255 255 255 255 255 255 255 255
255 255 255 255 255 255 255 255





3 3 3 3 3 3 3 3
3 10 10 10 10 10 10 3
3 3 3 3 3 3 3 3

3 3 3 3 3 3 3 3
3 10 10 10 10 10 10 3
3 3 3 3 3 3 3 3
